Date,Day,Month,New Cases,New Death,Total Recoverd,New Recovered,Total Death,Total Cases,Active Cases
15/03/2020,Sunday,March,16,0,26,0,2,126,98
16/03/2020,Monday,March,40,2,26,0,4,166,136
17/03/2020,Tuesday,March,30,2,26,0,6,196,164
18/03/2020,Wednesday,March,14,0,28,2,6,210,176
19/03/2020,Thursday,March,46,1,28,0,7,256,221
20/03/2020,Friday,March,29,1,39,11,8,285,238
21/03/2020,Saturday,March,9,2,41,2,10,294,243
22/03/2020,Sunday,March,33,4,56,15,14,327,257
23/03/2020,Monday,March,39,5,68,12,19,366,279
24/03/2020,Tuesday,March,36,1,80,12,20,402,302
25/03/2020,Wednesday,March,54,1,93,13,21,456,342
26/03/2020,Thursday,March,39,3,102,9,24,495,369
27/03/2020,Friday,March,41,6,116,14,30,536,390
28/03/2020,Saturday,March,40,6,121,5,36,576,419
29/03/2020,Sunday,March,33,4,132,11,40,609,437
30/03/2020,Monday,March,47,1,150,18,41,656,465
31/03/2020,Tuesday,March,54,5,157,7,46,710,507
01/04/2020,Wednesday,April,69,6,179,22,52,779,548
02/04/2020,Thursday,April,86,6,201,22,58,865,606
03/04/2020,Friday,April,120,8,216,15,66,985,703
04/04/2020,Saturday,April,85,5,241,25,71,1070,758
05/04/2020,Sunday,April,103,7,247,6,78,1173,848
06/04/2020,Monday,April,149,7,259,12,85,1322,978
07/04/2020,Tuesday,April,128,9,276,17,94,1450,1080
08/04/2020,Wednesday,April,110,9,305,29,103,1560,1152
09/04/2020,Thursday,April,139,15,348,43,118,1699,1233
10/04/2020,Friday,April,95,17,384,36,135,1794,1275
11/04/2020,Saturday,April,145,11,426,42,146,1939,1367
12/04/2020,Sunday,April,126,13,447,21,159,2065,1459
13/04/2020,Monday,April,125,5,488,41,164,2190,1538
14/04/2020,Tuesday,April,160,14,514,26,178,2350,1658
15/04/2020,Wednesday,April,155,5,553,39,183,2505,1769
16/04/2020,Thursday,April,168,13,596,43,196,2673,1881
17/04/2020,Friday,April,171,9,646,50,205,2844,1993
18/04/2020,Saturday,April,188,19,701,55,224,3032,2107
19/04/2020,Sunday,April,112,15,732,31,239,3144,2173
20/04/2020,Monday,April,189,11,821,89,250,3333,2262
21/04/2020,Tuesday,April,157,14,870,49,264,3490,2356
22/04/2020,Wednesday,April,169,12,935,65,276,3659,2448
23/04/2020,Thursday,April,232,11,1004,69,287,3891,2600
24/04/2020,Friday,April,201,7,1075,71,294,4092,2723
25/04/2020,Saturday,April,227,13,1114,39,307,4319,2898
26/04/2020,Sunday,April,215,10,1176,62,317,4534,3041
27/04/2020,Monday,April,248,20,1236,60,337,4782,3209
28/04/2020,Tuesday,April,260,22,1304,68,359,5042,3379
29/04/2020,Wednesday,April,226,21,1335,31,380,5268,3553
30/04/2020,Thursday,April,269,12,1381,46,392,5537,3764
01/05/2020,Friday,May,358,14,1460,79,406,5895,4029
02/05/2020,Saturday,May,298,9,1522,62,415,6193,4256
03/05/2020,Sunday,May,272,14,1562,40,429,6465,4474
04/05/2020,Monday,May,348,7,1632,70,436,6813,4745
05/05/2020,Tuesday,May,388,16,1730,98,452,7201,5019
06/05/2020,Wednesday,May,387,17,1815,85,469,7588,5304
07/05/2020,Thursday,May,393,13,1887,72,482,7981,5612
08/05/2020,Friday,May,495,21,1945,58,503,8476,6028
09/05/2020,Saturday,May,488,11,2002,57,514,8964,6448
10/05/2020,Sunday,May,436,11,2075,73,525,9400,6800
11/05/2020,Monday,May,346,8,2172,97,533,9746,7041
12/05/2020,Tuesday,May,347,11,2326,154,544,10093,7223
13/05/2020,Wednesday,May,338,12,2486,160,556,10431,7389
14/05/2020,Thursday,May,398,15,2626,140,571,10829,7632
15/05/2020,Friday,May,399,21,2799,173,592,11228,7837
16/05/2020,Saturday,May,491,20,2950,151,612,11719,8157
17/05/2020,Sunday,May,510,18,3172,222,630,12229,8427
18/05/2020,Monday,May,535,15,3440,268,645,12764,8679
19/05/2020,Tuesday,May,720,14,3742,302,659,13484,9083
20/05/2020,Wednesday,May,745,21,3994,252,680,14229,9555
21/05/2020,Thursday,May,774,16,4217,223,696,15003,10090
22/05/2020,Friday,May,783,11,4374,157,707,15786,10705
23/05/2020,Saturday,May,727,28,4628,254,735,16513,11150
24/05/2020,Sunday,May,752,29,4807,179,764,17265,11694
25/05/2020,Monday,May,702,19,4900,93,783,17967,12284
26/05/2020,Tuesday,May,789,14,5027,127,797,18756,12932
27/05/2020,Wednesday,May,910,19,5205,178,816,19666,13645
28/05/2020,Thursday,May,1127,29,5359,154,845,20793,14589
29/05/2020,Friday,May,1289,34,5511,152,879,22082,15692
30/05/2020,Saturday,May,1367,34,5693,182,913,23449,16843
31/05/2020,Sunday,May,1536,46,6037,344,959,24985,17989
01/06/2020,Monday,June,1399,46,6447,410,1005,26384,18932
02/06/2020,Tuesday,June,1152,47,6827,380,1052,27536,19657
03/06/2020,Wednesday,June,1079,36,7350,523,1088,28615,20177
04/06/2020,Thursday,June,1152,38,7756,406,1126,29767,20885
05/06/2020,Friday,June,1348,40,8158,402,1166,31115,21791
06/06/2020,Saturday,June,1497,32,8538,380,1198,32612,22876
07/06/2020,Sunday,June,1467,39,8961,423,1237,34079,23881
08/06/2020,Monday,June,1365,34,9375,414,1271,35444,24798
09/06/2020,Tuesday,June,1385,35,9786,411,1306,36829,25737
10/06/2020,Wednesday,June,1455,36,10289,503,1342,38284,26653
11/06/2020,Thursday,June,1442,35,10691,402,1377,39726,27658
12/06/2020,Friday,June,1577,45,11108,417,1422,41303,28773
13/06/2020,Saturday,June,1677,62,11529,421,1484,42980,29967
14/06/2020,Sunday,June,1618,91,11931,402,1575,44598,31092
15/06/2020,Monday,June,1691,97,12329,398,1672,46289,32288
16/06/2020,Tuesday,June,1567,94,12730,401,1766,47856,33360
17/06/2020,Wednesday,June,1363,84,13141,411,1850,49219,34228
18/06/2020,Thursday,June,1218,88,13528,387,1938,50437,34971
19/06/2020,Friday,June,1774,79,13928,400,2017,52211,36266
20/06/2020,Saturday,June,1547,89,14327,399,2106,53758,37325
21/06/2020,Sunday,June,1475,87,14736,409,2193,55233,38304
22/06/2020,Monday,June,1576,85,15133,397,2278,56809,39398
23/06/2020,Tuesday,June,1332,87,15535,402,2365,58141,40241
24/06/2020,Wednesday,June,1420,85,15935,400,2450,59561,41176
25/06/2020,Thursday,June,1569,83,16338,403,2533,61130,42259
26/06/2020,Friday,June,1625,87,16737,399,2620,62755,43398
27/06/2020,Saturday,June,1168,88,17140,403,2708,63923,44075
28/06/2020,Sunday,June,1265,81,17539,399,2789,65188,44860
29/06/2020,Monday,June,1566,83,17951,412,2872,66754,45931
30/06/2020,Tuesday,June,1557,81,18460,509,2953,68311,46898
01/07/2020,Wednesday,July,1503,81,18881,421,3034,69814,47899
02/07/2020,Thursday,July,1485,86,19288,407,3120,71299,48891
03/07/2020,Friday,July,1412,81,19690,402,3201,72711,49820
04/07/2020,Saturday,July,1324,79,20103,413,3280,74035,50652
05/07/2020,Sunday,July,1218,63,20726,623,3343,75253,51184
06/07/2020,Monday,July,969,79,21238,512,3422,76222,51562
07/07/2020,Tuesday,July,1057,67,21718,480,3489,77279,52072
08/07/2020,Wednesday,July,1025,75,22241,523,3564,78304,52499
09/07/2020,Thursday,July,950,53,22753,512,3617,79254,52884
10/07/2020,Friday,July,981,85,23274,521,3702,80235,53259
11/07/2020,Saturday,July,923,67,23876,602,3769,81158,53513
12/07/2020,Sunday,July,912,89,24419,543,3858,82070,53793
13/07/2020,Monday,July,931,77,24975,556,3935,83001,54091
14/07/2020,Tuesday,July,929,73,25544,569,4008,83930,54378
15/07/2020,Wednesday,July,913,59,26135,591,4067,84843,54641
16/07/2020,Thursday,July,928,53,26691,556,4120,85771,54960
17/07/2020,Friday,July,703,68,27302,611,4188,86474,54984
18/07/2020,Saturday,July,698,63,27868,566,4251,87172,55053
19/07/2020,Sunday,July,603,51,28380,512,4302,87775,55093
20/07/2020,Monday,July,627,50,28924,544,4352,88402,55126
21/07/2020,Tuesday,July,676,47,29473,549,4399,89078,55206
22/07/2020,Wednesday,July,667,41,30075,602,4440,89745,55230
23/07/2020,Thursday,July,668,40,31066,991,4480,90413,54867
24/07/2020,Friday,July,659,38,31970,904,4518,91072,54584
25/07/2020,Saturday,July,511,40,32903,933,4558,91583,54122
26/07/2020,Sunday,July,479,48,33831,928,4606,92062,53625
27/07/2020,Monday,July,420,46,34838,1007,4652,92482,52992
28/07/2020,Tuesday,July,465,39,35959,1121,4691,92947,52297
29/07/2020,Wednesday,July,409,37,37025,1066,4728,93356,51603
30/07/2020,Thursday,July,401,46,38236,1211,4774,93757,50747
31/07/2020,Friday,July,321,31,39638,1402,4805,94078,49635
01/08/2020,Saturday,August,238,29,41137,1499,4834,94316,48345
02/08/2020,Sunday,August,167,31,42455,1318,4865,94483,47163
03/08/2020,Monday,August,157,23,44066,1611,4888,94640,45686
04/08/2020,Tuesday,August,112,24,45569,1503,4912,94752,44271
05/08/2020,Wednesday,August,123,18,47182,1613,4930,94875,42763
06/08/2020,Thursday,August,131,21,48898,1716,4951,95006,41157
07/08/2020,Friday,August,141,20,50553,1655,4971,95147,39623
08/08/2020,Saturday,August,167,21,51672,1119,4992,95314,38650
09/08/2020,Sunday,August,178,17,52678,1006,5009,95492,37805
10/08/2020,Monday,August,174,26,53779,1101,5035,95666,36852
11/08/2020,Tuesday,August,168,24,54888,1109,5059,95834,35887
12/08/2020,Wednesday,August,129,26,55901,1013,5085,95963,34977
13/08/2020,Thursday,August,145,22,56890,989,5107,96108,34111
14/08/2020,Friday,August,112,17,57858,968,5124,96220,33238
15/08/2020,Saturday,August,116,17,58835,977,5141,96336,32360
16/08/2020,Sunday,August,139,19,59743,908,5160,96475,31572
17/08/2020,Monday,August,115,13,60651,908,5173,96590,30766
18/08/2020,Tuesday,August,163,11,61562,911,5184,96753,30007
19/08/2020,Wednesday,August,161,13,62553,991,5197,96914,29164
20/08/2020,Thursday,August,111,15,63462,909,5212,97025,28351
21/08/2020,Friday,August,123,19,64318,856,5231,97148,27599
22/08/2020,Saturday,August,89,12,65118,800,5243,97237,26876
23/08/2020,Sunday,August,103,19,65927,809,5262,97340,26151
24/08/2020,Monday,August,138,18,66817,890,5280,97478,25381
25/08/2020,Tuesday,August,141,18,67717,900,5298,97619,24604
26/08/2020,Wednesday,August,206,19,68713,996,5317,97825,23795
27/08/2020,Thursday,August,237,25,69612,899,5342,98062,23108
28/08/2020,Friday,August,223,20,70419,807,5362,98285,22504
29/08/2020,Saturday,August,212,14,71302,883,5376,98497,21819
30/08/2020,Sunday,August,230,23,72120,818,5399,98727,21208
31/08/2020,Monday,August,212,22,72929,809,5421,98939,20589
01/09/2020,Tuesday,September,176,19,73828,899,5440,99115,19847
02/09/2020,Wednesday,September,165,21,74626,798,5461,99280,19193
03/09/2020,Thursday,September,145,18,75415,789,5479,99425,18531
04/09/2020,Friday,September,157,16,76305,890,5495,99582,17782
05/09/2020,Saturday,September,130,16,77208,903,5511,99712,16993
06/09/2020,Sunday,September,151,19,78108,900,5530,99863,16225
07/09/2020,Monday,September,178,11,79008,900,5541,100041,15492
08/09/2020,Tuesday,September,187,19,79886,878,5560,100228,14782
09/09/2020,Wednesday,September,175,17,80689,803,5577,100403,14137
10/09/2020,Thursday,September,154,13,81597,908,5590,100557,13370
11/09/2020,Friday,September,151,17,82473,876,5607,100708,12628
12/09/2020,Saturday,September,148,20,83261,788,5627,100856,11968
13/09/2020,Sunday,September,153,21,84161,900,5648,101009,11200
14/09/2020,Monday,September,168,13,84969,808,5661,101177,10547
15/09/2020,Tuesday,September,163,18,85745,776,5679,101340,9916
16/09/2020,Wednesday,September,160,17,86549,804,5696,101500,9255
17/09/2020,Thursday,September,141,19,87158,609,5715,101641,8768
18/09/2020,Friday,September,131,18,87958,800,5733,101772,8081
19/09/2020,Saturday,September,128,17,88666,708,5750,101900,7484
20/09/2020,Sunday,September,115,20,89532,866,5770,102015,6713
21/09/2020,Monday,September,126,17,90332,800,5787,102141,6022
22/09/2020,Tuesday,September,113,19,91143,811,5806,102254,5305
23/09/2020,Wednesday,September,121,16,91843,700,5822,102375,4710
24/09/2020,Thursday,September,138,13,92644,801,5835,102513,4034
25/09/2020,Friday,September,112,18,93531,887,5853,102625,3241
26/09/2020,Saturday,September,111,16,94374,843,5869,102736,2493
27/09/2020,Sunday,September,104,14,95080,706,5883,102840,1877
28/09/2020,Monday,September,115,18,95568,488,5901,102955,1486
29/09/2020,Tuesday,September,124,13,96094,526,5914,103079,1071
30/09/2020,Wednesday,September,119,16,96494,400,5930,103198,774
01/10/2020,Thursday,October,119,16,96855,361,5946,103317,516
02/10/2020,Friday,October,149,10,97143,288,5956,103466,367
03/10/2020,Saturday,October,109,14,97274,131,5970,103575,331
04/10/2020,Sunday,October,108,11,97355,81,5981,103683,347
05/10/2020,Monday,October,98,9,97398,43,5990,103781,393
06/10/2020,Tuesday,October,121,11,97449,51,6001,103902,452
07/10/2020,Wednesday,October,133,9,97492,43,6010,104035,533
08/10/2020,Thursday,October,121,7,97524,32,6017,104156,615
09/10/2020,Friday,October,106,12,97592,68,6029,104262,641
10/10/2020,Saturday,October,125,11,97643,51,6040,104387,704
11/10/2020,Sunday,October,129,12,97688,45,6052,104516,776
12/10/2020,Monday,October,132,10,97743,55,6062,104648,843
13/10/2020,Tuesday,October,139,9,97841,98,6071,104787,875
14/10/2020,Wednesday,October,128,6,97920,79,6077,104915,918
15/10/2020,Thursday,October,118,11,98011,91,6088,105033,934
16/10/2020,Friday,October,126,11,98089,78,6099,105159,971
17/10/2020,Saturday,October,138,10,98157,68,6109,105297,1031
18/10/2020,Sunday,October,127,11,98247,90,6120,105424,1057
19/10/2020,Monday,October,123,10,98314,67,6130,105547,1103
20/10/2020,Tuesday,October,158,12,98413,99,6142,105705,1150
21/10/2020,Wednesday,October,178,13,98516,103,6155,105883,1212
22/10/2020,Thursday,October,177,11,98624,108,6166,106060,1270
23/10/2020,Friday,October,170,10,98713,89,6176,106230,1341
24/10/2020,Saturday,October,167,11,98813,100,6187,106397,1397
25/10/2020,Sunday,October,143,12,98903,90,6199,106540,1438
26/10/2020,Monday,October,167,12,98981,78,6211,106707,1515
27/10/2020,Tuesday,October,170,11,99084,103,6222,106877,1571
28/10/2020,Wednesday,October,153,12,99174,90,6234,107030,1622
29/10/2020,Thursday,October,179,13,99273,99,6247,107209,1689
30/10/2020,Friday,October,167,11,99353,80,6258,107376,1765
31/10/2020,Saturday,October,179,8,99452,99,6266,107555,1837
01/11/2020,Sunday,November,181,12,99555,103,6278,107736,1903
02/11/2020,Monday,November,189,13,99652,97,6291,107925,1982
03/11/2020,Tuesday,November,197,14,99765,113,6305,108122,2052
04/11/2020,Wednesday,November,207,13,99874,109,6318,108329,2137
05/11/2020,Thursday,November,201,11,100006,132,6329,108530,2195
06/11/2020,Friday,November,224,14,100106,100,6343,108754,2305
07/11/2020,Saturday,November,208,12,100239,133,6355,108962,2368
08/11/2020,Sunday,November,239,13,100342,103,6368,109201,2491
09/11/2020,Monday,November,221,12,100439,97,6380,109422,2603
10/11/2020,Tuesday,November,232,14,100540,101,6394,109654,2720
11/11/2020,Wednesday,November,227,11,100662,122,6405,109881,2814
12/11/2020,Thursday,November,214,12,100760,98,6417,110095,2918
13/11/2020,Friday,November,224,12,100847,87,6429,110319,3043
14/11/2020,Saturday,November,228,13,100946,99,6442,110547,3159
15/11/2020,Sunday,November,220,11,101046,100,6453,110767,3268
16/11/2020,Monday,November,242,12,101179,133,6465,111009,3365
17/11/2020,Tuesday,November,275,16,101288,109,6481,111284,3515
18/11/2020,Wednesday,November,329,14,101421,133,6495,111613,3697
19/11/2020,Thursday,November,342,13,101564,143,6508,111955,3883
20/11/2020,Friday,November,363,13,101685,121,6521,112318,4112
21/11/2020,Saturday,November,358,14,101783,98,6535,112676,4358
22/11/2020,Sunday,November,351,13,101881,98,6548,113027,4598
23/11/2020,Monday,November,354,12,101981,100,6560,113381,4840
24/11/2020,Tuesday,November,361,13,102103,122,6573,113742,5066
25/11/2020,Wednesday,November,365,12,102201,98,6585,114107,5321
26/11/2020,Thursday,November,368,11,102268,67,6596,114475,5611
27/11/2020,Friday,November,357,12,102390,122,6608,114832,5834
28/11/2020,Saturday,November,351,13,102490,100,6621,115183,6072
29/11/2020,Sunday,November,358,15,102596,106,6636,115541,6309
30/11/2020,Monday,November,370,14,102718,122,6650,115911,6543
01/12/2020,Tuesday,December,392,16,102816,98,6666,116303,6821
02/12/2020,Wednesday,December,421,28,102949,133,6694,116724,7081
03/12/2020,Thursday,December,432,19,103082,133,6713,117156,7361
04/12/2020,Friday,December,427,19,103191,109,6732,117583,7660
05/12/2020,Saturday,December,431,18,103324,133,6750,118014,7940
06/12/2020,Sunday,December,418,21,103501,177,6771,118432,8160
07/12/2020,Monday,December,415,19,103703,202,6790,118847,8354
08/12/2020,Tuesday,December,434,23,103913,210,6813,119281,8555
09/12/2020,Wednesday,December,421,19,104074,161,6832,119702,8796
10/12/2020,Thursday,December,445,22,104281,207,6854,120147,9012
11/12/2020,Friday,December,464,23,104499,218,6877,120611,9235
12/12/2020,Saturday,December,478,21,104710,211,6898,121089,9481
13/12/2020,Sunday,December,486,22,104875,165,6920,121575,9780
14/12/2020,Monday,December,511,23,105132,257,6943,122086,10011
15/12/2020,Tuesday,December,523,23,105450,318,6966,122609,10193
16/12/2020,Wednesday,December,544,24,105719,269,6990,123153,10444
17/12/2020,Thursday,December,548,25,105919,200,7015,123701,10767
18/12/2020,Friday,December,579,26,106157,238,7041,124280,11082
19/12/2020,Saturday,December,611,28,106481,324,7069,124891,11341
20/12/2020,Sunday,December,664,29,106817,336,7098,125555,11640
21/12/2020,Monday,December,718,32,107162,345,7130,126273,11981
22/12/2020,Tuesday,December,788,37,107563,401,7167,127061,12331
23/12/2020,Wednesday,December,911,42,107961,398,7209,127972,12802
24/12/2020,Thursday,December,1021,51,108474,513,7260,128993,13259
25/12/2020,Friday,December,1133,49,108985,511,7309,130126,13832
26/12/2020,Saturday,December,1189,43,109462,477,7352,131315,14501
27/12/2020,Sunday,December,1226,53,110015,553,7405,132541,15121
28/12/2020,Monday,December,1359,61,110436,421,7466,133900,15998
29/12/2020,Tuesday,December,1333,54,111040,604,7520,135233,16673
30/12/2020,Wednesday,December,1411,56,111451,411,7576,136644,17617
31/12/2020,Thursday,December,1418,55,112105,654,7631,138062,18326
01/01/2021,Friday,January,1409,56,112826,721,7687,139471,18958
02/01/2021,Saturday,January,1407,54,113480,654,7741,140878,19657
03/01/2021,Sunday,January,1309,64,113898,418,7805,142187,20484
04/01/2021,Monday,January,1277,58,114601,703,7863,143464,21000
05/01/2021,Tuesday,January,1119,55,115414,813,7918,144583,21251
06/01/2021,Wednesday,January,1007,57,115975,561,7975,145590,21640
07/01/2021,Thursday,January,1219,54,116775,800,8029,146809,22005
08/01/2021,Friday,January,1001,56,117529,754,8085,147810,22196
09/01/2021,Saturday,January,989,57,118294,765,8142,148799,22363
10/01/2021,Sunday,January,993,55,118900,606,8197,149792,22695
11/01/2021,Monday,January,961,52,119212,312,8249,150753,23292
12/01/2021,Tuesday,January,970,55,119635,423,8304,151723,23784
13/01/2021,Wednesday,January,996,58,120312,677,8362,152719,24045
14/01/2021,Thursday,January,1022,59,121072,760,8421,153741,24248
15/01/2021,Friday,January,879,52,121792,720,8473,154620,24355
16/01/2021,Saturday,January,887,54,122291,499,8527,155507,24689
17/01/2021,Sunday,January,890,56,122993,702,8583,156397,24821
18/01/2021,Monday,January,878,55,123491,498,8638,157275,25146
19/01/2021,Tuesday,January,899,58,124094,603,8696,158174,25384
20/01/2021,Wednesday,January,789,51,124605,511,8747,158963,25611
21/01/2021,Thursday,January,752,54,125171,566,8801,159715,25743
22/01/2021,Friday,January,748,52,125603,432,8853,160463,26007
23/01/2021,Saturday,January,680,49,126176,573,8902,161143,26065
24/01/2021,Sunday,January,674,57,126497,321,8959,161817,26361
25/01/2021,Monday,January,669,53,127001,504,9012,162486,26473
26/01/2021,Tuesday,January,643,55,127433,432,9067,163129,26629
27/01/2021,Wednesday,January,632,48,127963,530,9115,163761,26683
28/01/2021,Thursday,January,521,54,128440,477,9169,164282,26673
29/01/2021,Friday,January,589,48,128800,360,9217,164871,26854
30/01/2021,Saturday,January,547,46,129293,493,9263,165418,26862
31/01/2021,Sunday,January,533,53,129636,343,9316,165951,26999
01/02/2021,Monday,February,541,44,130107,471,9360,166492,27025
02/02/2021,Tuesday,February,521,47,130514,407,9407,167013,27092
03/02/2021,Wednesday,February,512,53,130912,398,9460,167525,27153
04/02/2021,Thursday,February,532,52,131211,299,9512,168057,27334
05/02/2021,Friday,February,540,48,131632,421,9560,168597,27405
06/02/2021,Saturday,February,509,44,132054,422,9604,169106,27448
07/02/2021,Sunday,February,534,47,132375,321,9651,169640,27614
08/02/2021,Monday,February,567,48,132698,323,9699,170207,27810
09/02/2021,Tuesday,February,573,52,133098,400,9751,170780,27931
10/02/2021,Wednesday,February,610,53,133331,233,9804,171390,28255
11/02/2021,Thursday,February,603,53,133707,376,9857,171993,28429
12/02/2021,Friday,February,609,42,134215,508,9899,172602,28488
13/02/2021,Saturday,February,600,36,134638,423,9935,173202,28629
14/02/2021,Sunday,February,611,59,134960,322,9994,173813,28859
15/02/2021,Monday,February,613,56,135349,389,10050,174426,29027
16/02/2021,Tuesday,February,633,51,135670,321,10101,175059,29288
17/02/2021,Wednesday,February,618,49,136081,411,10150,175677,29446
18/02/2021,Thursday,February,656,51,136490,409,10201,176333,29642
19/02/2021,Friday,February,610,49,136889,399,10250,176943,29804
20/02/2021,Saturday,February,600,48,137294,405,10298,177543,29951
21/02/2021,Sunday,February,608,55,137837,543,10353,178151,29961
22/02/2021,Monday,February,623,51,138183,346,10404,178774,30187
23/02/2021,Tuesday,February,633,39,138683,500,10443,179407,30281
24/02/2021,Wednesday,February,644,52,139072,389,10495,180051,30484
25/02/2021,Thursday,February,589,46,139494,422,10541,180640,30605
26/02/2021,Friday,February,601,49,139927,433,10590,181241,30724
27/02/2021,Saturday,February,588,49,140460,533,10639,181829,30730
28/02/2021,Sunday,February,595,49,140892,432,10688,182424,30844
01/03/2021,Monday,March,586,48,141347,455,10736,183010,30927
02/03/2021,Tuesday,March,581,42,141655,308,10778,183591,31158
03/03/2021,Wednesday,March,577,44,142155,500,10822,184168,31191
04/03/2021,Thursday,March,587,49,142610,455,10871,184755,31274
05/03/2021,Friday,March,579,45,143143,533,10916,185334,31275
06/03/2021,Saturday,March,588,38,143575,432,10954,185922,31393
07/03/2021,Sunday,March,581,41,144019,444,10995,186503,31489
08/03/2021,Monday,March,591,43,144485,466,11038,187094,31571
09/03/2021,Tuesday,March,622,44,144917,432,11082,187716,31717
10/03/2021,Wednesday,March,645,46,145418,501,11128,188361,31815
11/03/2021,Thursday,March,639,41,145923,505,11169,189000,31908
12/03/2021,Friday,March,639,45,146434,511,11214,189639,31991
13/03/2021,Saturday,March,641,42,146803,369,11256,190280,32221
14/03/2021,Sunday,March,644,44,147234,431,11300,190924,32390
15/03/2021,Monday,March,631,40,147767,533,11340,191555,32448
16/03/2021,Tuesday,March,640,44,148089,322,11384,192195,32722
17/03/2021,Wednesday,March,645,47,148424,335,11431,192840,32985
18/03/2021,Thursday,March,642,41,148823,399,11472,193482,33187
19/03/2021,Friday,March,645,40,149256,433,11512,194127,33359
20/03/2021,Saturday,March,644,45,149489,233,11557,194771,33725
21/03/2021,Sunday,March,647,41,149934,445,11598,195418,33886
22/03/2021,Monday,March,643,39,150424,490,11637,196061,34000
23/03/2021,Tuesday,March,648,43,150924,500,11680,196709,34105
24/03/2021,Wednesday,March,641,40,151444,520,11720,197350,34186
25/03/2021,Thursday,March,661,48,151765,321,11768,198011,34478
26/03/2021,Friday,March,670,36,152198,433,11804,198681,34679
27/03/2021,Saturday,March,683,41,152642,444,11845,199364,34877
28/03/2021,Sunday,March,686,37,153175,533,11882,200050,34993
29/03/2021,Monday,March,689,32,153630,455,11914,200739,35195
30/03/2021,Tuesday,March,693,42,154194,564,11956,201432,35282
31/03/2021,Wednesday,March,699,39,154694,500,11995,202131,35442
01/04/2021,Thursday,April,712,46,155016,322,12041,202843,35786
02/04/2021,Friday,April,703,43,155448,432,12084,203546,36014
03/04/2021,Saturday,April,710,39,155886,438,12123,204256,36247
04/04/2021,Sunday,April,709,40,156219,333,12163,204965,36583
05/04/2021,Monday,April,767,47,156574,355,12210,205732,36948
06/04/2021,Tuesday,April,778,43,157006,432,12253,206510,37251
07/04/2021,Wednesday,April,783,37,157450,444,12290,207293,37553
08/04/2021,Thursday,April,789,33,157889,439,12323,208082,37870
09/04/2021,Friday,April,794,39,158454,565,12362,208876,38060
10/04/2021,Saturday,April,801,43,159054,600,12405,209677,38218
11/04/2021,Sunday,April,812,40,159499,445,12445,210489,38545
12/04/2021,Monday,April,818,42,159999,500,12487,211307,38821
13/04/2021,Tuesday,April,823,39,160431,432,12526,212130,39173
14/04/2021,Wednesday,April,831,44,161031,600,12570,212961,39360
15/04/2021,Thursday,April,837,41,161470,439,12611,213798,39717
16/04/2021,Friday,April,841,42,162170,700,12653,214639,39816
17/04/2021,Saturday,April,845,41,162714,544,12694,215484,40076
18/04/2021,Sunday,April,850,44,163479,765,12738,216334,40117
19/04/2021,Monday,April,852,40,163812,333,12778,217186,40596
20/04/2021,Tuesday,April,855,42,164368,556,12820,218041,40853
21/04/2021,Wednesday,April,861,46,164803,435,12866,218902,41233
22/04/2021,Thursday,April,872,48,165348,545,12914,219774,41512
23/04/2021,Friday,April,884,45,166024,676,12959,220658,41675
24/04/2021,Saturday,April,912,39,166457,433,12998,221570,42115
25/04/2021,Sunday,April,953,51,167024,567,13049,222523,42450
26/04/2021,Monday,April,991,58,167900,876,13107,223514,42507
27/04/2021,Tuesday,April,1003,61,168665,765,13168,224517,42684
28/04/2021,Wednesday,April,1011,51,169308,643,13219,225528,43001
29/04/2021,Thursday,April,1003,59,170008,700,13278,226531,43245
30/04/2021,Friday,April,1021,61,170773,765,13339,227552,43440
01/05/2021,Saturday,May,1032,63,171542,769,13402,228584,43640
02/05/2021,Sunday,May,1051,67,172342,800,13469,229635,43824
03/05/2021,Monday,May,1078,62,172774,432,13531,230713,44408
04/05/2021,Tuesday,May,1090,60,173341,567,13591,231803,44871
05/05/2021,Wednesday,May,1102,64,174217,876,13655,232905,45033
06/05/2021,Thursday,May,1110,59,175117,900,13714,234015,45184
07/05/2021,Friday,May,1125,65,175928,811,13779,235140,45433
08/05/2021,Saturday,May,1132,66,176363,435,13845,236272,46064
09/05/2021,Sunday,May,1138,59,176763,400,13904,237410,46743
10/05/2021,Monday,May,1150,68,177440,677,13972,238560,47148
11/05/2021,Tuesday,May,1180,61,178241,801,14033,239740,47466
12/05/2021,Wednesday,May,1187,58,178805,564,14091,240927,48031
13/05/2021,Thursday,May,1193,59,179261,456,14150,242120,48709
14/05/2021,Friday,May,1197,56,179817,556,14206,243317,49294
15/05/2021,Saturday,May,1203,63,180577,760,14269,244520,49674
16/05/2021,Sunday,May,1201,58,181478,901,14327,245721,49916
17/05/2021,Monday,May,1188,61,182024,546,14388,246909,50497
18/05/2021,Tuesday,May,1169,53,182693,669,14441,248078,50944
19/05/2021,Wednesday,May,1160,57,183696,1003,14498,249238,51044
20/05/2021,Thursday,May,1153,61,184373,677,14559,250391,51459
21/05/2021,Friday,May,1148,52,185243,870,14611,251539,51685
22/05/2021,Saturday,May,1151,59,186223,980,14670,252690,51797
23/05/2021,Sunday,May,1145,51,186678,455,14721,253835,52436
24/05/2021,Monday,May,1149,45,187446,768,14766,254984,52772
25/05/2021,Tuesday,May,1140,41,187691,245,14807,256124,53626
26/05/2021,Wednesday,May,1151,43,188567,876,14850,257275,53858
27/05/2021,Thursday,May,1132,54,189476,909,14904,258407,54027
28/05/2021,Friday,May,1133,46,190254,778,14950,259540,54336
29/05/2021,Saturday,May,1119,51,190733,479,15001,260659,54925
30/05/2021,Sunday,May,1007,46,191475,742,15047,261666,55144
31/05/2021,Monday,May,984,49,192112,637,15096,262650,55442
01/06/2021,Tuesday,June,956,40,192823,711,15136,263606,55647
02/06/2021,Wednesday,June,951,42,193491,668,15178,264557,55888
03/06/2021,Thursday,June,932,44,194291,800,15222,265489,55976
04/06/2021,Friday,June,861,46,195072,781,15268,266350,56010
05/06/2021,Saturday,June,821,41,195871,799,15309,267171,55991
06/06/2021,Sunday,June,801,43,196604,733,15352,267972,56016
07/06/2021,Monday,June,782,47,197281,677,15399,268754,56074
08/06/2021,Tuesday,June,773,38,197832,551,15437,269527,56258
09/06/2021,Wednesday,June,765,34,198632,800,15471,270292,56189
10/06/2021,Thursday,June,755,39,199285,653,15510,271047,56252
11/06/2021,Friday,June,733,37,199840,555,15547,271780,56393
12/06/2021,Saturday,June,711,35,200273,433,15582,272491,56636
13/06/2021,Sunday,June,691,41,201038,765,15623,273182,56521
14/06/2021,Monday,June,613,31,201739,701,15654,273795,56402
15/06/2021,Tuesday,June,609,37,202650,911,15691,274404,56063
16/06/2021,Wednesday,June,606,32,203193,543,15723,275010,56094
17/06/2021,Thursday,June,591,37,203802,609,15760,275601,56039
18/06/2021,Friday,June,589,31,204701,899,15791,276190,55698
19/06/2021,Saturday,June,566,38,205157,456,15829,276756,55770
20/06/2021,Sunday,June,532,30,205613,456,15859,277288,55816
21/06/2021,Monday,June,509,39,206053,440,15898,277797,55846
22/06/2021,Tuesday,June,498,37,206852,799,15935,278295,55508
23/06/2021,Wednesday,June,466,32,207411,559,15967,278761,55383
24/06/2021,Thursday,June,423,35,208192,781,16002,279184,54990
25/06/2021,Friday,June,412,29,208957,765,16031,279596,54608
26/06/2021,Saturday,June,409,31,209395,438,16062,280005,54548
27/06/2021,Sunday,June,389,30,210052,657,16092,280394,54250
28/06/2021,Monday,June,376,33,210482,430,16125,280770,54163
29/06/2021,Tuesday,June,261,23,210805,323,16148,281031,54078
30/06/2021,Wednesday,June,251,21,211384,579,16169,281282,53729
01/07/2021,Thursday,July,242,25,212059,675,16194,281524,53271
02/07/2021,Friday,July,198,21,212725,666,16215,281722,52782
03/07/2021,Saturday,July,181,27,213628,903,16242,281903,52033
04/07/2021,Sunday,July,179,22,214087,459,16264,282082,51731
05/07/2021,Monday,July,175,20,214852,765,16284,282257,51121
06/07/2021,Tuesday,July,164,22,215419,567,16306,282421,50696
07/07/2021,Wednesday,July,161,26,216217,798,16332,282582,50033
08/07/2021,Thursday,July,155,19,216982,765,16351,282737,49404
09/07/2021,Friday,July,127,17,217324,342,16368,282864,49172
10/07/2021,Saturday,July,121,15,217756,432,16383,282985,48846
11/07/2021,Sunday,July,117,13,218412,656,16396,283102,48294
12/07/2021,Monday,July,110,7,219291,879,16403,283212,47518
13/07/2021,Tuesday,July,108,9,219525,234,16412,283320,47383
14/07/2021,Wednesday,July,89,6,220530,1005,16418,283409,46461
15/07/2021,Thursday,July,81,7,221516,986,16425,283490,45549
16/07/2021,Friday,July,77,6,222315,799,16431,283567,44821
17/07/2021,Saturday,July,69,8,223213,898,16439,283636,43984
18/07/2021,Sunday,July,67,7,223645,432,16446,283703,43612
19/07/2021,Monday,July,59,6,224299,654,16452,283762,43011
20/07/2021,Tuesday,July,51,5,225068,769,16457,283813,42288
21/07/2021,Wednesday,July,49,8,225869,801,16465,283862,41528
22/07/2021,Thursday,July,44,5,226535,666,16470,283906,40901
23/07/2021,Friday,July,41,7,227068,533,16477,283947,40402
24/07/2021,Saturday,July,38,4,227490,422,16481,283985,40014
25/07/2021,Sunday,July,39,6,227612,122,16487,284024,39925
26/07/2021,Monday,July,35,7,227970,358,16494,284059,39595
27/07/2021,Tuesday,July,31,4,228624,654,16498,284090,38968
28/07/2021,Wednesday,July,38,9,228836,212,16507,284128,38785
29/07/2021,Thursday,July,42,7,229167,331,16514,284170,38489
30/07/2021,Friday,July,45,4,229712,545,16518,284215,37985
31/07/2021,Saturday,July,47,6,230368,656,16524,284262,37370
01/08/2021,Sunday,August,49,4,230699,331,16528,284311,37084
02/08/2021,Monday,August,51,7,231259,560,16535,284362,36568
03/08/2021,Tuesday,August,53,5,232060,801,16540,284415,35815
04/08/2021,Wednesday,August,57,10,232179,119,16550,284472,35743
05/08/2021,Thursday,August,51,7,232280,101,16557,284523,35686
06/08/2021,Friday,August,57,5,232601,321,16562,284580,35417
07/08/2021,Saturday,August,61,4,232825,224,16566,284641,35250
08/08/2021,Sunday,August,65,9,233227,402,16575,284706,34904
09/08/2021,Monday,August,83,7,233298,71,16582,284789,34909
10/08/2021,Tuesday,August,86,6,233405,107,16588,284875,34882
11/08/2021,Wednesday,August,91,9,233517,112,16597,284966,34852
12/08/2021,Thursday,August,95,7,233729,212,16604,285061,34728
13/08/2021,Friday,August,97,5,233772,43,16609,285158,34777
14/08/2021,Saturday,August,99,6,233881,109,16615,285257,34761
15/08/2021,Sunday,August,101,4,234114,233,16619,285358,34625
16/08/2021,Monday,August,107,6,234250,136,16625,285465,34590
